# Time, number of newly formed star, maxmium gas density (kg/m^3)
# Cloud: number of gas particles: 70000, total mass: 140000 MSun, virial radius: 10 pc;
# Cluster: number of stars: 10000, total mass: 50000 MSun, virial radius: 3 pc;
# Initial position of cluster: [-200, -200, 0] parsec; Initial velocity of cluster: [3, 3, 0] kms.
# Jeans density of the cloud = 4.15708e-17 kg/m^3
0.00,0,3.90678e-17
1.00,0,1.19656e-17
2.00,0,1.25099e-17
3.00,0,1.31458e-17
4.00,0,1.34026e-17
5.00,0,1.35779e-17
6.00,0,1.39144e-17
7.00,0,1.38451e-17
8.00,0,1.40041e-17
9.00,0,1.40629e-17
10.00,0,1.41242e-17
11.00,0,1.40539e-17
12.00,0,1.41344e-17
13.00,0,1.42448e-17
14.00,0,1.44479e-17
15.00,0,1.45332e-17
16.00,0,1.45791e-17
17.00,0,1.45398e-17
18.00,0,1.45872e-17
19.00,0,1.45269e-17
20.00,0,1.45917e-17
21.00,0,1.46452e-17
22.00,0,1.47011e-17
23.00,0,1.46927e-17
24.00,0,1.47426e-17
25.00,0,1.47104e-17
26.00,0,1.47044e-17
27.00,0,1.47121e-17
28.00,0,1.47098e-17
29.00,0,1.47290e-17
30.00,0,1.47498e-17
31.00,0,1.47237e-17
32.00,0,1.47794e-17
33.00,0,1.48743e-17
34.00,0,1.48830e-17
35.00,0,1.48967e-17
36.00,0,1.48805e-17
37.00,0,1.48888e-17
38.00,0,1.49451e-17
39.00,0,1.49551e-17
40.00,0,1.49527e-17
41.00,0,1.49982e-17
42.00,0,1.50326e-17
43.00,0,1.50258e-17
44.00,0,1.50151e-17
45.00,0,1.50318e-17
46.00,0,1.50424e-17
47.00,0,1.50265e-17
48.00,0,1.50148e-17
49.00,0,1.50198e-17
50.00,0,1.50256e-17
51.00,0,1.50653e-17
52.00,0,1.51137e-17
53.00,0,3.77102e-17
54.00,0,1.07105e-17
55.00,0,6.59392e-18
56.00,0,5.80574e-18
57.00,0,5.63286e-18
58.00,0,5.64488e-18
59.00,0,5.57038e-18
60.00,0,5.54910e-18
61.00,0,5.44257e-18
62.00,0,5.23967e-18
63.00,0,2.02040e-17
64.00,0,2.78656e-17
65.00,0,1.56121e-17
66.00,0,1.04142e-17
67.00,0,1.03730e-17
68.00,0,1.13825e-17
69.00,0,1.21047e-17
70.00,0,1.41352e-17
71.00,0,1.54236e-17
72.00,0,1.63752e-17
73.00,0,1.73925e-17
74.00,0,1.81685e-17
75.00,0,1.92815e-17
76.00,0,1.96852e-17
77.00,0,1.87200e-17
78.00,0,1.88899e-17
79.00,0,1.95061e-17
80.00,0,2.00027e-17
81.00,0,2.03907e-17
82.00,0,2.03070e-17
83.00,0,2.10490e-17
84.00,0,2.02086e-17
85.00,0,2.17821e-17
86.00,0,2.09530e-17
87.00,0,2.20200e-17
88.00,0,2.16359e-17
89.00,0,2.22920e-17
90.00,0,2.18871e-17
91.00,0,2.23304e-17
92.00,0,2.24022e-17
93.00,0,2.19867e-17
94.00,0,2.24544e-17
95.00,0,2.29933e-17
96.00,0,2.31904e-17
97.00,0,2.27235e-17
98.00,0,2.24523e-17
99.00,0,2.33942e-17
100.00,0,2.42343e-17
101.00,0,2.31502e-17
102.00,0,2.33020e-17
103.00,0,2.32285e-17
104.00,0,2.45591e-17
105.00,0,2.34478e-17
106.00,0,2.36590e-17
107.00,0,2.33595e-17
108.00,0,2.36892e-17
109.00,0,2.38749e-17
110.00,0,2.35117e-17
111.00,0,2.37925e-17
112.00,0,2.41826e-17
113.00,0,2.44007e-17
114.00,0,2.37653e-17
115.00,0,2.34514e-17
116.00,0,2.34261e-17
117.00,0,2.45716e-17
118.00,0,2.28596e-17
119.00,0,2.40537e-17
120.00,0,2.45129e-17
121.00,0,2.38272e-17
122.00,0,2.41339e-17
123.00,0,2.42992e-17
124.00,0,2.39889e-17
125.00,0,2.44798e-17
126.00,0,2.42750e-17
127.00,0,2.35770e-17
128.00,0,2.41500e-17
129.00,0,2.39002e-17
130.00,0,2.41171e-17
131.00,0,2.34483e-17
132.00,0,2.39576e-17
133.00,0,2.40611e-17
134.00,0,2.33306e-17
135.00,0,2.38039e-17
136.00,0,2.42845e-17
137.00,0,2.39273e-17
138.00,0,2.30890e-17
139.00,0,2.37667e-17
140.00,0,2.32412e-17
141.00,0,2.43315e-17
142.00,0,2.38505e-17
143.00,0,2.36656e-17
144.00,0,2.40771e-17
145.00,0,2.37438e-17
146.00,0,2.33767e-17
147.00,0,2.34202e-17
148.00,0,2.38903e-17
149.00,0,2.35943e-17
150.00,0,2.37532e-17
151.00,0,2.38320e-17
152.00,0,2.39997e-17
153.00,0,2.33554e-17
154.00,0,2.37953e-17
155.00,0,2.36191e-17
156.00,0,2.26750e-17
157.00,0,2.31731e-17
158.00,0,2.33144e-17
159.00,0,2.33107e-17
160.00,0,2.34535e-17
161.00,0,2.30949e-17
162.00,0,2.30159e-17
163.00,0,2.25461e-17
164.00,0,2.31238e-17
165.00,0,2.30682e-17
166.00,0,2.34078e-17
167.00,0,2.36284e-17
168.00,0,2.31748e-17
169.00,0,2.32629e-17
170.00,0,2.29967e-17
171.00,0,2.30866e-17
172.00,0,2.31616e-17
173.00,0,2.29307e-17
174.00,0,2.32327e-17
175.00,0,2.26815e-17
176.00,0,2.27681e-17
177.00,0,2.32712e-17
178.00,0,2.29165e-17
179.00,0,2.26699e-17
180.00,0,2.33632e-17
181.00,0,2.32692e-17
182.00,0,2.27398e-17
183.00,0,2.28233e-17
184.00,0,2.26737e-17
185.00,0,2.31469e-17
186.00,0,2.26439e-17
187.00,0,2.29946e-17
188.00,0,2.30399e-17
189.00,0,2.25062e-17
190.00,0,2.35749e-17
191.00,0,2.27607e-17
192.00,0,2.30467e-17
193.00,0,2.31417e-17
194.00,0,2.22846e-17
195.00,0,2.23823e-17
196.00,0,2.20106e-17
197.00,0,2.27616e-17
198.00,0,2.25045e-17
199.00,0,2.24426e-17
200.00,0,2.25006e-17
