# Time, Ek_cd, Ep_cd, Etot_cd; Ek_cr, Ep_cr, Etot_cr
# Cloud: number of gas particles: 50000, total mass: 99999 MSun, virial radius: 10 pc;
# Cluster: number of stars: 10000, total mass: 50000 MSun, virial radius: 3 pc;
# Initial position of cluster: [-200, -200, 0] parsec; Initial velocity of cluster: [10, 10, 0] kms.
0.0,0.0,-4.29142159346,-4.29142159346,11.8023984093,-3.56514555181,8.2372528575
0.5,0.0462371719062,-4.27728947667,-4.23105230476,11.6099452481,-3.36165217939,8.24829306868
1.0,0.0287601298706,-4.25646042429,-4.22770029442,11.6135034131,-3.364128368,8.24937504514
1.5,0.0224663826406,-4.23772423636,-4.21525785372,11.6729780955,-3.42625622797,8.24672186758
2.0,0.0191882609742,-4.22449271977,-4.2053044588,11.7480954757,-3.50400183975,8.24409363596
2.5,0.0163956206324,-4.21719725026,-4.20080162962,11.7668822717,-3.51915395377,8.24772831793
3.0,0.0140370138298,-4.21391337332,-4.19987635949,11.6650178963,-3.41313033326,8.25188756304
3.5,0.0120067385284,-4.21286245842,-4.20085571989,11.6516490971,-3.40017765365,8.25147144342
4.0,0.0102385147818,-4.21432447602,-4.20408596124,11.7708291017,-3.52638634456,8.24444275718
4.5,0.00881922018669,-4.21858215289,-4.2097629327,11.7311972696,-3.47979281553,8.25140445403
5.0,0.00768764959602,-4.22471771168,-4.21703006208,11.6923147045,-3.43417000712,8.25814469735
5.5,0.00686271835404,-4.23185275781,-4.22499003946,11.763543457,-3.50765471649,8.25588874046
6.0,0.00625266241834,-4.23895036962,-4.2326977072,11.7410102864,-3.47390857556,8.26710171088
6.5,0.00577387507048,-4.24500289368,-4.23922901861,11.8271704727,-3.56502596073,8.26214451201
7.0,0.00538723105911,-4.24942022109,-4.24403299003,11.7815118439,-3.5070923457,8.2744194982
7.5,0.00502578248611,-4.25198113082,-4.24695534833,11.8113543742,-3.53737044634,8.27398392789
8.0,0.00470049392633,-4.25293553457,-4.24823504064,11.8134860237,-3.53435663264,8.2791293911
8.5,0.00441056698199,-4.25294585059,-4.2485352836,11.8787529951,-3.59289650737,8.2858564877
9.0,0.00414400632615,-4.25265122374,-4.24850721741,11.8449218799,-3.5507400402,8.29418183967
9.5,0.00391456274578,-4.25253562362,-4.24862106087,11.850439091,-3.55000115733,8.30043793363
10.0,0.00373230267058,-4.25297810495,-4.24924580227,11.883355444,-3.56808499229,8.31527045175
10.5,0.00359970330207,-4.25429710405,-4.25069740075,11.9087369251,-3.58322018246,8.32551674265
11.0,0.00351469809183,-4.25659883916,-4.25308414107,11.9622846804,-3.62450599027,8.33777869009
11.5,0.00347593636915,-4.25972132912,-4.25624539275,11.9347939321,-3.58305150727,8.35174242482
12.0,0.00347623130192,-4.26329185286,-4.25981562156,11.9842560283,-3.61215606623,8.37209996204
12.5,0.00352567807526,-4.26676735653,-4.26324167846,12.0640588734,-3.67132032602,8.3927385474
13.0,0.00363760293392,-4.26989209174,-4.26625448881,12.042272722,-3.61184724698,8.43042547501
13.5,0.00383734143279,-4.2724092418,-4.26857190037,12.0636071788,-3.60205119643,8.4615559824
14.0,0.00416488273425,-4.27424516824,-4.27008028551,12.1478960144,-3.64019067495,8.50770533946
14.5,0.00468616973353,-4.27556522912,-4.27087905938,12.1882576694,-3.63184399539,8.55641367398
15.0,0.00550681426333,-4.27644565084,-4.27093883658,12.3116756364,-3.69219448118,8.6194811552
15.5,0.00678690908146,-4.27677924604,-4.26999233696,12.337363972,-3.64065388752,8.69671008444
16.0,0.00884778527408,-4.27655614485,-4.26770835958,12.4158557153,-3.5996839259,8.81617178941
16.5,0.0123726738765,-4.27591608437,-4.26354341049,12.6453312312,-3.6697158014,8.9756154298
17.0,0.0190178580109,-4.27508580074,-4.25606794273,12.8755444382,-3.67014405473,9.20540038344
17.5,0.0339605890384,-4.27429413823,-4.24033354919,13.2618221971,-3.70261954647,9.55920265068
18.0,0.076942385536,-4.2740662221,-4.19712383656,13.9249615141,-3.65245860022,10.2725029139
18.5,0.264445206047,-4.28313824701,-4.01869304097,15.6604233938,-3.81657007455,11.8438533192
19.0,0.771292548072,-4.53845735282,-3.76716480475,16.6814320791,-4.00189386245,12.6795382167
19.5,0.631563382849,-4.96073997005,-4.3291765872,14.0883849056,-4.15323665611,9.93514824953
20.0,0.600246774792,-4.7106568542,-4.11041007941,12.500463629,-3.82072548419,8.67973814484
20.5,0.642431413303,-4.25903986971,-3.6166084564,11.5991157533,-3.4975095938,8.1016061595
21.0,0.683330812434,-3.84393917125,-3.16060835882,11.1802083246,-3.42815143176,7.75205689279
21.5,0.710184821149,-3.50858859244,-2.79840377129,10.9976029075,-3.44837481409,7.54922809344
22.0,0.726373290858,-3.24622015593,-2.51984686507,10.9412431167,-3.56521930798,7.37602380875
22.5,0.735736457221,-3.04235205839,-2.30661560117,10.8016209948,-3.54329519997,7.25832579482
23.0,0.738962614178,-2.88421951169,-2.14525689751,10.6942333141,-3.53042466339,7.16380865069
23.5,0.737109514854,-2.76201496196,-2.0249054471,10.6508034457,-3.55507245609,7.09573098962
24.0,0.733480492362,-2.66849562133,-1.93501512897,10.5043078958,-3.45741491338,7.04689298247
24.5,0.729764620452,-2.59821242495,-1.8684478045,10.4706031944,-3.48148788955,6.98911530488
25.0,0.727486874476,-2.54703393609,-1.81954706161,10.5210283238,-3.58387107864,6.93715724513
25.5,0.725854318495,-2.51171822612,-1.78586390762,10.3674402231,-3.46103748217,6.90640274097
26.0,0.724671517892,-2.48948454499,-1.7648130271,10.439060831,-3.57029657768,6.8687642533
26.5,0.724315224364,-2.47799844652,-1.75368322216,10.4178676734,-3.5802690607,6.83759861273
27.0,0.724487021067,-2.47527598145,-1.75078896039,10.3597839108,-3.54535646928,6.81442744156
27.5,0.724776019898,-2.47954167775,-1.75476565785,10.3450858782,-3.55603078877,6.78905508939
28.0,0.72532591384,-2.48913294809,-1.76380703425,10.2982922774,-3.52695658876,6.77133568864
28.5,0.72598639284,-2.50247714131,-1.77649074847,10.3447383685,-3.60047765696,6.74426071154
29.0,0.726539729225,-2.51808285074,-1.79154312152,10.2853559259,-3.5492701601,6.73608576583
29.5,0.726880611268,-2.53460350002,-1.80772288875,10.3500789545,-3.63969769373,6.71038126078
30.0,0.726810590745,-2.5508562069,-1.82404561615,10.2553830239,-3.55782635607,6.69755666781
30.5,0.726201203434,-2.56590122717,-1.83970002373,10.2200490034,-3.54515539489,6.67489360851
31.0,0.725129501868,-2.57905458708,-1.85392508521,10.2462097397,-3.58388336675,6.66232637297
31.5,0.723700699779,-2.58991457177,-1.86621387199,10.2684217674,-3.62228986067,6.64613190672
32.0,0.721953733729,-2.59828694057,-1.87633320684,10.2583711326,-3.61549940133,6.64287173129
32.5,0.719978480826,-2.60411904986,-1.88414056903,10.2368783383,-3.61116566388,6.62571267438
33.0,0.717998401683,-2.60746694307,-1.88946854138,10.2279744637,-3.60654769114,6.62142677254
33.5,0.716028310351,-2.60849436171,-1.89246605136,10.1934437114,-3.57882724603,6.61461646538
34.0,0.714049049076,-2.60746203241,-1.89341298334,10.2227874468,-3.62119138193,6.60159606486
34.5,0.712317172402,-2.60465074336,-1.89233357096,10.1991647315,-3.60102360471,6.59814112684
35.0,0.710787607281,-2.60031279107,-1.88952518379,10.1066477631,-3.50993528008,6.59671248302
35.5,0.709532389144,-2.59468474521,-1.88515235606,10.2297092581,-3.65479819681,6.57491106131
36.0,0.708377962645,-2.58797337775,-1.8795954151,10.2447225081,-3.67490472524,6.56981778284
36.5,0.707321768239,-2.58045730768,-1.87313553944,10.1316308157,-3.56442512598,6.56720568974
37.0,0.706299318166,-2.57243071043,-1.86613139226,10.1881528448,-3.63521847038,6.55293437446
37.5,0.705298459915,-2.56421395273,-1.85891549282,10.1719511005,-3.62297906914,6.54897203135
38.0,0.704325493721,-2.55612576905,-1.85180027533,10.1834981829,-3.63928932431,6.54420885858
38.5,0.703333702791,-2.54847406902,-1.84514036623,10.1510361734,-3.61521611837,6.53582005503
39.0,0.702286559029,-2.54151005836,-1.83922349933,10.1424240996,-3.61128955121,6.53113454843
39.5,0.701146783871,-2.53542021597,-1.8342734321,10.1552337641,-3.63089628989,6.52433747426
40.0,0.699968898265,-2.53030760895,-1.83033871069,10.1791203282,-3.662346713,6.51677361516
40.5,0.698796984336,-2.5262515385,-1.82745455417,10.0734056159,-3.55479482768,6.51861078821
41.0,0.697646448466,-2.5233161247,-1.82566967623,10.1468738284,-3.64469029167,6.50218353678
41.5,0.696550889398,-2.52147462967,-1.82492374027,10.1918844956,-3.70763679745,6.48424769812
42.0,0.695527362183,-2.52059621074,-1.82506884856,10.0679260248,-3.59141670333,6.4765093215
42.5,0.694573097259,-2.52047701548,-1.82590391822,10.131257319,-3.67394541386,6.45731190513
43.0,0.693618108744,-2.52088945015,-1.82727134141,10.1567016728,-3.68710370621,6.46959796658
43.5,0.692626563988,-2.52167580915,-1.82904924517,10.1877911305,-3.71612169266,6.47166943787
44.0,0.691625218073,-2.52274450234,-1.83111928427,10.1285103347,-3.66528299963,6.4632273351
44.5,0.690644900192,-2.52404623984,-1.83340133964,10.2008339416,-3.75850491089,6.44232903073
45.0,0.689723953566,-2.52550782478,-1.83578387121,10.1082122694,-3.66421732738,6.44399494204
45.5,0.68885816713,-2.52701915092,-1.83816098379,10.1359710254,-3.70648440549,6.42948661995
46.0,0.688028675175,-2.52842057117,-1.84039189599,10.0411014618,-3.60612338196,6.43497807983
46.5,0.687204136796,-2.52958216112,-1.84237802432,10.1598046689,-3.74060266297,6.41920200588
47.0,0.686371291003,-2.53044599475,-1.84407470374,10.0473623699,-3.61090198568,6.43646038421
47.5,0.685569293221,-2.53104098453,-1.84547169131,10.1101142503,-3.69134122938,6.41877302096
48.0,0.684792707499,-2.53143877647,-1.84664606897,10.1327620486,-3.71645069338,6.41631135525
48.5,0.684068220388,-2.5317074416,-1.84763922121,10.1050499508,-3.68323532787,6.4218146229
49.0,0.683362265234,-2.53184095422,-1.84847868899,10.1995015704,-3.79147943638,6.40802213402
49.5,0.682668448872,-2.53178282922,-1.84911438034,10.0545395514,-3.64245761953,6.41208193184
50.0,0.681958870421,-2.5314913192,-1.84953244878,10.117094453,-3.71101252994,6.4060819231
